Insert Linear Probing Times
1.69e-06,1.37e-06,1.4e-06,1.38e-06,6.163e-05,2.146e-05,2.81e-06,2.43e-06,1.92e-06,2.16e-06,1.813e-05,1.32e-06,1.99e-06,1.56e-06,4.089e-05,2.494e-05,2.87e-06,2.781e-05,1.42e-06,1.3e-06,2.413e-05,1.4e-06,1.33e-06,1.28e-06,3.774e-05,1.99e-06,1.32e-06,1.32e-06,5.22e-05,2.085e-05,3.27e-06,1.348e-05,1.94e-06,1.38e-06,1.32e-06,1.36e-06,1.4e-06,2.69e-06,2.323e-05,2.269e-05,2.01e-06,1.26e-05,2.02e-06,1.34e-06,2.527e-05,1.28e-06,1.31e-06,1.28e-06,1.47e-06,2.13e-06,1.35e-06,4.266e-05,1.661e-05,2.66e-06,1.204e-05,2.1e-06,1.69e-06,2.12e-06,1.76e-06,1.54e-06,1.34e-06,2.277e-05,1.49e-06,1.32e-06,1.65e-06,4.13e-05,1.6e-05,3.77e-06,1.257e-05,1.52e-06,1.97e-06,1.34e-06,1.37e-06,1.44e-06,1.31e-06,2.413e-05,1.38e-06,1.97e-06,3.564e-05,7.71e-06,4.55e-06,1.158e-05,1.37e-06,1.94e-06,1.775e-05,1.33e-06,2e-06,1.33e-06,2.769e-05,6.19e-05,1.083e-05,1.67e-06,2.01e-06,1.803e-05,1.36e-06,1.34e-06,1.35e-06,1.43e-06,1.36e-06,1.39e-06,1.35e-06,3.236e-05,2.182e-05,4.38e-06,1.051e-05,1.33e-06,1.29e-06,1.32e-06,1.895e-05,1.33e-06,1.47e-06,1.33e-06,2.284e-05,1.29e-06,2.256e-05,8.44e-06,3.51e-06,1.133e-05,1.98e-06,1.32e-06,1.32e-06,1.884e-05,1.28e-06,1.31e-06,2.04e-06,1.29e-06,2.56e-06,1.66e-06,1.836e-05,3.155e-05,1.129e-05,1.74e-06,1.92e-06,2.91e-06,1.59e-05,4.31e-06,1.69e-06,1.72e-06,1.67e-06,1.77e-06,1.71e-06,1.7e-06,3.708e-05,4.5e-06,4.64e-06,1.84e-06,3.05e-06,1.523e-05,1.75e-06,2.35e-06,1.704e-05,1.66e-06,1.65e-06,2.109e-05,1.72e-06,1.83e-06,1.893e-05,1.724e-05,3.16e-06,4.15e-06,5.43e-06,1.62e-06,1.89e-06,2.86e-06,1.9e-06,1.66e-06,1.65e-06,2.663e-05,1.63e-06,1.67e-06,2.711e-05,2.68e-06,1.95e-06,2.6e-06,1.62e-06,1.68e-06,1.71e-06,1.713e-05,2.05e-06,1.96e-06,2.022e-05,1.71e-06,1.99e-06,3.694e-05,4.04e-06,2.96e-06,3.67e-06,2.51e-06,2.02e-06,1.477e-05,1.63e-06,1.7e-06,2.69e-06,1.74e-06,1.59e-06,2.04e-06,3.743e-05,7.47e-06,1.72e-06,1.76e-06,4.18e-06,2.07e-06,1.77e-06,1.8e-06,2.657e-05,2.33e-06,1.53e-06,1.955e-05,6.04e-06,4.009e-05,5.37e-06,1.16e-05,3.79e-06,1.54e-06,1.7e-06,1.65e-06,1.84e-06,2.69e-06,1.772e-05,1.31e-06,2.01e-06,2.21e-06,2.38e-06,1.453e-05,5.45e-06,9.24e-06,1.51e-06,1.29e-06,1.36e-06,1.31e-06,1.38e-06,1.35e-06,1.34e-06,1.31e-06,1.39e-06,1.45e-06,2.01e-06,1.753e-05,1.7e-06,4.473e-05,3.5e-06,1.386e-05,3.01e-06,1.6e-06,1.549e-05,1.3e-06,1.48e-06,1.34e-06,2.333e-05,2.64e-06,1.32e-06,1.798e-05,2.42e-06,1.31e-06,1.534e-05,7.84e-06,2.63e-06,2.4e-06,1.492e-05,1.36e-06,1.56e-06,1.35e-06,1.862e-05,1.5e-06,1.31e-06,1.37e-06,1.41e-06,1.35e-06,1.34e-06,1.3e-06,2.62e-06,1.907e-05,2.08e-06,1.717e-05,1.46e-06,1.4e-06,1.46e-06,1.33e-06,1.49e-06,1.34e-06,1.762e-05,2.02e-06,1.31e-06,1.33e-06,1.3e-06,1.48e-06,1.33e-06,1.69e-06,3.471e-05,3.82e-06,1.306e-05,2.41e-06,1.74e-06,1.391e-05,1.41e-06,1.33e-06,1.39e-06,1.47e-06,1.51e-06,1.38e-06,1.96e-06,1.55e-06,1.47e-06,1.36e-06,2.456e-05,3.61e-06,3.12e-06,3.12e-06,1.072e-05,1.36e-06,1.55e-06,1.42e-06,1.38e-06,1.37e-06,1.5e-06,1.38e-06,1.36e-06,1.4e-06,1.54e-06,4.371e-05,6.84e-06,9.05e-06,5e-06,2.4e-06,2.76e-06,2.522e-05,6.187e-05,5.08e-06,4.81e-06,2.73e-06,2.219e-05,2.66e-06,2.7e-06,2.31e-06,1.834e-05,3.784e-05,1.151e-05,1.31e-05,3.09e-06,1.96e-06,2.323e-05,2.18e-06,2.02e-06,2.3e-06,4.481e-05,2.486e-05,2.51e-06,1.637e-05,2.02e-06,2.25e-06,2.54e-06,2.38e-06,2.46e-06,2.755e-05,4.6e-06,6.99e-06,2.27e-06,2.118e-05,6.04e-06,1.634e-05,3.59e-06,2.148e-05,3.26e-06,3.45e-06,8.756e-05,6.666e-05,1e-05,3.56e-06,3.58e-06,5.48e-06,4.88e-06,3.341e-05,5.96e-06,8.62e-06,1.495e-05,3.73e-06,1.281e-05,3.81e-06,1.477e-05,4.61e-06,3.162e-05,2.287e-05,8.32e-06,1.102e-05,6.16e-06,5.39e-06,1.478e-05,1.073e-05,7.34e-06,1.246e-05,5.234e-05,9.99e-06,1.407e-05,2.079e-05,3.888e-05,4.334e-05,6.258e-05,7.959e-05,8.908e-05,0.00019333,
Search Linear Probing Times
2.81e-06,1.17e-06,1.14e-06,1.16e-06,1.806e-05,5.44e-06,1.254e-05,1.87e-06,1.385e-05,1.29e-06,1.24e-06,1.15e-06,1.36e-06,1.22e-06,1.164e-05,3.42e-06,2.31e-06,3.27e-06,1.35e-06,1.41e-06,1.42e-06,1.29e-06,1.25e-06,1.24e-06,2.31e-06,1.26e-06,1.18e-06,1.43e-06,1.052e-05,2.21e-06,3.32e-06,2.08e-06,1.34e-06,1.28e-06,2.288e-05,1.26e-06,1.26e-06,1.39e-06,3.322e-05,5.97e-06,1.95e-06,1.95e-06,2.11e-06,1.44e-06,1.33e-06,1.33e-06,1.32e-06,3.189e-05,1.49e-06,1.36e-06,1.39e-06,9.09e-06,6.98e-06,5.37e-06,1.76e-06,1.61e-06,1.61e-06,1.681e-05,1.48e-06,1.98e-06,1.39e-06,2.18e-06,1.34e-06,1.23e-06,1.825e-05,5.63e-06,1.83e-06,6.01e-06,1.68e-06,1.3e-06,1.59e-06,1.776e-05,1.26e-06,1.37e-06,1.48e-06,1.34e-06,1.86e-06,2.691e-05,5.1e-06,2.29e-06,2.09e-06,1.39e-06,1.27e-06,1.32e-06,1.3e-06,1.54e-06,1.35e-06,1.36e-06,4.02e-06,1.732e-05,7.04e-06,1.91e-06,2.8e-06,1.41e-06,1.46e-06,1.48e-06,1.789e-05,1.33e-06,1.43e-06,1.45e-06,2.431e-05,1.381e-05,2.14e-06,2.15e-06,1.37e-06,1.52e-06,1.47e-06,1.3e-06,1.37e-06,1.25e-06,1.39e-06,1.25e-06,1.37e-06,2.25e-06,3.05e-05,2.41e-06,3.71e-06,1.47e-06,1.53e-06,1.35e-06,1.39e-06,1.36e-06,1.51e-06,1.23e-06,2.232e-05,1.35e-06,1.77e-06,1.5e-06,2.79e-06,7.11e-06,4.31e-06,1.128e-05,2.23e-06,1.68e-06,4.86e-06,8.08e-06,2.73e-06,1.84e-06,2.053e-05,1.74e-06,1.63e-06,1.8e-06,1.347e-05,1.8e-06,1.547e-05,1.75e-06,3.22e-06,1.78e-06,1.8e-06,1.65e-06,1.65e-06,1.66e-06,1.67e-06,1.73e-06,1.81e-06,2.07e-06,2.195e-05,2.75e-06,1.47e-05,1.85e-06,1.14e-05,1.45e-06,1.78e-06,1.582e-05,1.69e-06,1.64e-06,1.65e-06,1.86e-06,2.42e-06,1.964e-05,1.49e-05,7.08e-06,1.93e-06,1.596e-05,1.8e-06,1.72e-06,1.7e-06,1.81e-06,1.51e-06,1.35e-06,1.87e-06,1.62e-06,1.67e-06,1.681e-05,1.132e-05,2.16e-06,1.484e-05,1.68e-06,3.51e-06,1.66e-06,1.78e-06,1.55e-06,3.265e-05,1.63e-06,1.84e-06,2.03e-06,1.218e-05,9.01e-06,1.82e-06,1.83e-06,1.802e-05,1.7e-06,1.85e-06,1.68e-06,1.73e-06,1.95e-06,1.78e-06,1.37e-06,1.76e-06,7.65e-06,2.73e-06,3.18e-06,1.267e-05,2.85e-06,2.05e-06,1.604e-05,2.72e-06,2.14e-06,1.41e-06,1.53e-06,1.49e-06,1.71e-05,2.28e-05,1.167e-05,1.74e-06,9.8e-06,1.46e-06,1.39e-06,1.35e-06,1.913e-05,1.33e-06,1.36e-06,1.31e-06,2.305e-05,1.34e-06,1.3e-06,1.37e-06,1.31e-06,2.7e-06,3.43e-06,2.72e-06,1.4e-06,1.81e-06,1.49e-06,1.47e-06,1.53e-06,1.51e-06,1.25e-06,1.41e-06,1.34e-06,1.31e-06,3.53e-06,1.49e-06,1.42e-06,2.717e-05,9.89e-06,1.78e-06,3.26e-06,1.53e-06,1.33e-06,1.53e-06,1.27e-06,1.43e-06,1.33e-06,1.3e-06,1.888e-05,1.38e-06,1.35e-06,1.35e-06,1.94e-05,2.475e-05,3.16e-06,2.26e-06,1.44e-06,1.53e-06,1.42e-06,1.725e-05,2.16e-06,1.53e-06,1.35e-06,1.42e-06,1.52e-06,1.3e-06,1.857e-05,1.46e-06,1.34e-06,1.33e-06,2.468e-05,3.76e-06,1.95e-06,2.25e-06,2.15e-06,1.53e-06,1.38e-06,1.56e-06,1.5e-06,1.814e-05,1.5e-06,1.53e-06,1.39e-06,1.869e-05,1.55e-06,1.48e-06,1.43e-06,2.494e-05,3.92e-06,1.319e-05,2.17e-06,1.36e-06,1.47e-06,1.69e-06,1.734e-05,1.44e-06,1.61e-06,1.43e-06,1.873e-05,1.38e-06,1.47e-06,1.43e-06,6.75e-06,2.29e-06,4.6e-06,6.407e-05,1.79e-06,2.34e-06,2.46e-06,3.96e-06,1.712e-05,2.03e-06,1.79e-06,2.31e-06,1.78e-06,2.098e-05,5.89e-06,3.47e-06,1.753e-05,5.4e-06,1.84e-06,1.8e-06,2.05e-06,2.38e-06,1.99e-06,2.155e-05,3.54e-06,1.391e-05,3.94e-06,1.79e-06,2.43e-06,2.28e-06,2.19e-05,1.82e-06,1.76e-06,4.604e-05,1.876e-05,1.591e-05,2.08e-06,1.95e-06,1.91e-06,2.02e-06,1.76e-06,3.84e-06,3.941e-05,2.381e-05,3.59e-06,2.187e-05,2.76e-06,9.37e-06,2e-06,1.685e-05,2.52e-06,9.52e-06,2.022e-05,4.78e-06,5.06e-06,1.97e-06,3.6e-06,2.03e-06,3.03e-06,2.81e-06,9.49e-06,9.8e-06,5.41e-06,2.92e-06,2.51e-06,7.2e-06,2.1e-06,3.4e-06,2.65e-06,8.21e-06,3.37e-06,3.12e-06,3.23e-06,5.81e-06,3.55e-06,3.724e-05,4.42e-06,2.74e-06,3.89e-06,2.18e-06,3.053e-05,